(-124.2, 32.8), 1
(-124.1, 32.8), 1
(-124.0, 32.8), 1
(-123.9, 32.8), 1
(-123.8, 32.8), 1
(-123.7, 32.8), 1
(-123.6, 32.8), 1
(-123.5, 32.8), 1
(-123.4, 32.8), 1
(-123.3, 32.8), 1
(-123.2, 32.8), 1
(-123.1, 32.8), 1
(-123.0, 32.8), 1
(-122.9, 32.8), 1
(-122.8, 32.8), 1
(-122.7, 32.8), 1
(-122.6, 32.8), 1
(-122.5, 32.8), 1
(-122.4, 32.8), 1
(-122.3, 32.8), 1
(-122.2, 32.8), 1
(-122.1, 32.8), 1
(-122.0, 32.8), 1
(-121.9, 32.8), 1
(-121.8, 32.8), 1
(-121.7, 32.8), 1
(-121.6, 32.8), 1
(-121.5, 32.8), 1
(-121.4, 32.8), 1
(-121.3, 32.8), 1
(-121.2, 32.8), 1
(-121.1, 32.8), 1
(-121.0, 32.8), 1
(-120.9, 32.8), 1
(-120.8, 32.8), 1
(-120.7, 32.8), 1
(-120.6, 32.8), 1
(-120.5, 32.8), 1
(-120.4, 32.8), 1
(-120.3, 32.8), 1
(-120.2, 32.8), 1
(-120.1, 32.8), 1
(-120.0, 32.8), 1
(-119.9, 32.8), 1
(-119.8, 32.8), 1
(-119.7, 32.8), 1
(-119.6, 32.8), 1
(-119.5, 32.8), 1
(-119.4, 32.8), 1
(-119.3, 32.8), 1
(-119.2, 32.8), 1
(-119.1, 32.8), 1
(-119.0, 32.8), 1
(-118.9, 32.8), 1
(-118.8, 32.8), 1
(-118.7, 32.8), 1
(-118.6, 32.8), 0.941
(-118.4, 32.8), 0.898
(-118.3, 32.8), 1
(-118.2, 32.8), 1
(-118.1, 32.8), 1
(-118.0, 32.8), 1
(-117.9, 32.8), 1
(-117.8, 32.8), 1
(-117.7, 32.8), 1
(-117.6, 32.8), 1
(-117.5, 32.8), 1
(-117.4, 32.8), 1
(-124.2, 32.9), 1
(-124.1, 32.9), 1
(-124.0, 32.9), 1
(-123.9, 32.9), 1
(-123.8, 32.9), 1
(-123.7, 32.9), 1
(-123.6, 32.9), 1
(-123.5, 32.9), 1
(-123.4, 32.9), 1
(-123.3, 32.9), 1
(-123.2, 32.9), 1
(-123.1, 32.9), 1
(-123.0, 32.9), 1
(-122.9, 32.9), 1
(-122.8, 32.9), 1
(-122.7, 32.9), 1
(-122.6, 32.9), 1
(-122.5, 32.9), 1
(-122.4, 32.9), 1
(-122.3, 32.9), 1
(-122.2, 32.9), 1
(-122.1, 32.9), 1
(-122.0, 32.9), 1
(-121.9, 32.9), 1
(-121.8, 32.9), 1
(-121.7, 32.9), 1
(-121.6, 32.9), 1
(-121.5, 32.9), 1
(-121.4, 32.9), 1
(-121.3, 32.9), 1
(-121.2, 32.9), 1
(-121.1, 32.9), 1
(-121.0, 32.9), 1
(-120.9, 32.9), 1
(-120.8, 32.9), 1
(-120.7, 32.9), 1
(-120.6, 32.9), 1
(-120.5, 32.9), 1
(-120.4, 32.9), 1
(-120.3, 32.9), 1
(-120.2, 32.9), 1
(-120.1, 32.9), 1
(-120.0, 32.9), 1
(-119.9, 32.9), 1
(-119.8, 32.9), 1
(-119.7, 32.9), 1
(-119.6, 32.9), 1
(-119.5, 32.9), 1
(-119.4, 32.9), 1
(-119.3, 32.9), 1
(-119.2, 32.9), 1
(-119.1, 32.9), 1
(-119.0, 32.9), 1
(-118.9, 32.9), 1
(-118.8, 32.9), 1
(-118.7, 32.9), 1
(-118.6, 32.9), 0.569
(-118.5, 32.9), 0.909
(-118.4, 32.9), 1
(-118.3, 32.9), 1
(-118.2, 32.9), 1
(-118.1, 32.9), 1
(-118.0, 32.9), 1
(-117.9, 32.9), 1
(-117.8, 32.9), 1
(-117.7, 32.9), 1
(-117.6, 32.9), 1
(-117.5, 32.9), 1
(-117.4, 32.9), 1
(-124.2, 33.0), 1
(-124.1, 33.0), 1
(-124.0, 33.0), 1
(-123.9, 33.0), 1
(-123.8, 33.0), 1
(-123.7, 33.0), 1
(-123.6, 33.0), 1
(-123.5, 33.0), 1
(-123.4, 33.0), 1
(-123.3, 33.0), 1
(-123.2, 33.0), 1
(-123.1, 33.0), 1
(-123.0, 33.0), 1
(-122.9, 33.0), 1
(-122.8, 33.0), 1
(-122.7, 33.0), 1
(-122.6, 33.0), 1
(-122.5, 33.0), 1
(-122.4, 33.0), 1
(-122.3, 33.0), 1
(-122.2, 33.0), 1
(-122.1, 33.0), 1
(-122.0, 33.0), 1
(-121.9, 33.0), 1
(-121.8, 33.0), 1
(-121.7, 33.0), 1
(-121.6, 33.0), 1
(-121.5, 33.0), 1
(-121.4, 33.0), 1
(-121.3, 33.0), 1
(-121.2, 33.0), 1
(-121.1, 33.0), 1
(-121.0, 33.0), 1
(-120.9, 33.0), 1
(-120.8, 33.0), 1
(-120.7, 33.0), 1
(-120.6, 33.0), 1
(-120.5, 33.0), 1
(-120.4, 33.0), 1
(-120.3, 33.0), 1
(-120.2, 33.0), 1
(-120.1, 33.0), 1
(-120.0, 33.0), 1
(-119.9, 33.0), 1
(-119.8, 33.0), 1
(-119.7, 33.0), 1
(-119.6, 33.0), 1
(-119.5, 33.0), 1
(-119.4, 33.0), 1
(-119.3, 33.0), 1
(-119.2, 33.0), 1
(-119.1, 33.0), 1
(-119.0, 33.0), 1
(-118.9, 33.0), 1
(-118.8, 33.0), 1
(-118.7, 33.0), 0.99
(-118.6, 33.0), 0.895
(-118.5, 33.0), 1
(-118.4, 33.0), 1
(-118.3, 33.0), 1
(-118.2, 33.0), 1
(-118.1, 33.0), 1
(-118.0, 33.0), 1
(-117.9, 33.0), 1
(-117.8, 33.0), 1
(-117.7, 33.0), 1
(-117.6, 33.0), 1
(-117.5, 33.0), 1
(-117.4, 33.0), 0.96
(-124.2, 33.1), 1
(-124.1, 33.1), 1
(-124.0, 33.1), 1
(-123.9, 33.1), 1
(-123.8, 33.1), 1
(-123.7, 33.1), 1
(-123.6, 33.1), 1
(-123.5, 33.1), 1
(-123.4, 33.1), 1
(-123.3, 33.1), 1
(-123.2, 33.1), 1
(-123.1, 33.1), 1
(-123.0, 33.1), 1
(-122.9, 33.1), 1
(-122.8, 33.1), 1
(-122.7, 33.1), 1
(-122.6, 33.1), 1
(-122.5, 33.1), 1
(-122.4, 33.1), 1
(-122.3, 33.1), 1
(-122.2, 33.1), 1
(-122.1, 33.1), 1
(-122.0, 33.1), 1
(-121.9, 33.1), 1
(-121.8, 33.1), 1
(-121.7, 33.1), 1
(-121.6, 33.1), 1
(-121.5, 33.1), 1
(-121.4, 33.1), 1
(-121.3, 33.1), 1
(-121.2, 33.1), 1
(-121.1, 33.1), 1
(-121.0, 33.1), 1
(-120.9, 33.1), 1
(-120.8, 33.1), 1
(-120.7, 33.1), 1
(-120.6, 33.1), 1
(-120.5, 33.1), 1
(-120.4, 33.1), 1
(-120.3, 33.1), 1
(-120.2, 33.1), 1
(-120.1, 33.1), 1
(-120.0, 33.1), 1
(-119.9, 33.1), 1
(-119.8, 33.1), 1
(-119.7, 33.1), 1
(-119.6, 33.1), 1
(-119.5, 33.1), 1
(-119.4, 33.1), 1
(-119.3, 33.1), 1
(-119.2, 33.1), 1
(-119.1, 33.1), 1
(-119.0, 33.1), 1
(-118.9, 33.1), 1
(-118.8, 33.1), 1
(-118.7, 33.1), 1
(-118.6, 33.1), 1
(-118.5, 33.1), 1
(-118.4, 33.1), 1
(-118.3, 33.1), 1
(-118.2, 33.1), 1
(-118.1, 33.1), 1
(-118.0, 33.1), 1
(-117.9, 33.1), 1
(-117.8, 33.1), 1
(-117.7, 33.1), 1
(-117.6, 33.1), 1
(-117.5, 33.1), 1
(-117.4, 33.1), 0.511
(-115.8, 33.1), 0.879
(-115.7, 33.1), 0.502
(-124.2, 33.2), 1
(-124.1, 33.2), 1
(-124.0, 33.2), 1
(-123.9, 33.2), 1
(-123.8, 33.2), 1
(-123.7, 33.2), 1
(-123.6, 33.2), 1
(-123.5, 33.2), 1
(-123.4, 33.2), 1
(-123.3, 33.2), 1
(-123.2, 33.2), 1
(-123.1, 33.2), 1
(-123.0, 33.2), 1
(-122.9, 33.2), 1
(-122.8, 33.2), 1
(-122.7, 33.2), 1
(-122.6, 33.2), 1
(-122.5, 33.2), 1
(-122.4, 33.2), 1
(-122.3, 33.2), 1
(-122.2, 33.2), 1
(-122.1, 33.2), 1
(-122.0, 33.2), 1
(-121.9, 33.2), 1
(-121.8, 33.2), 1
(-121.7, 33.2), 1
(-121.6, 33.2), 1
(-121.5, 33.2), 1
(-121.4, 33.2), 1
(-121.3, 33.2), 1
(-121.2, 33.2), 1
(-121.1, 33.2), 1
(-121.0, 33.2), 1
(-120.9, 33.2), 1
(-120.8, 33.2), 1
(-120.7, 33.2), 1
(-120.6, 33.2), 1
(-120.5, 33.2), 1
(-120.4, 33.2), 1
(-120.3, 33.2), 1
(-120.2, 33.2), 1
(-120.1, 33.2), 1
(-120.0, 33.2), 1
(-119.9, 33.2), 1
(-119.8, 33.2), 1
(-119.7, 33.2), 1
(-119.6, 33.2), 0.68
(-119.5, 33.2), 0.752
(-119.4, 33.2), 1
(-119.3, 33.2), 1
(-119.2, 33.2), 1
(-119.1, 33.2), 1
(-119.0, 33.2), 1
(-118.9, 33.2), 1
(-118.8, 33.2), 1
(-118.7, 33.2), 1
(-118.6, 33.2), 1
(-118.5, 33.2), 1
(-118.4, 33.2), 0.999
(-118.3, 33.2), 1
(-118.2, 33.2), 1
(-118.1, 33.2), 1
(-118.0, 33.2), 1
(-117.9, 33.2), 1
(-117.8, 33.2), 1
(-117.7, 33.2), 1
(-117.6, 33.2), 1
(-117.5, 33.2), 0.683
(-115.9, 33.2), 0.697
(-115.8, 33.2), 1
(-115.7, 33.2), 0.974
(-124.2, 33.3), 1
(-124.1, 33.3), 1
(-124.0, 33.3), 1
(-123.9, 33.3), 1
(-123.8, 33.3), 1
(-123.7, 33.3), 1
(-123.6, 33.3), 1
(-123.5, 33.3), 1
(-123.4, 33.3), 1
(-123.3, 33.3), 1
(-123.2, 33.3), 1
(-123.1, 33.3), 1
(-123.0, 33.3), 1
(-122.9, 33.3), 1
(-122.8, 33.3), 1
(-122.7, 33.3), 1
(-122.6, 33.3), 1
(-122.5, 33.3), 1
(-122.4, 33.3), 1
(-122.3, 33.3), 1
(-122.2, 33.3), 1
(-122.1, 33.3), 1
(-122.0, 33.3), 1
(-121.9, 33.3), 1
(-121.8, 33.3), 1
(-121.7, 33.3), 1
(-121.6, 33.3), 1
(-121.5, 33.3), 1
(-121.4, 33.3), 1
(-121.3, 33.3), 1
(-121.2, 33.3), 1
(-121.1, 33.3), 1
(-121.0, 33.3), 1
(-120.9, 33.3), 1
(-120.8, 33.3), 1
(-120.7, 33.3), 1
(-120.6, 33.3), 1
(-120.5, 33.3), 1
(-120.4, 33.3), 1
(-120.3, 33.3), 1
(-120.2, 33.3), 1
(-120.1, 33.3), 1
(-120.0, 33.3), 1
(-119.9, 33.3), 1
(-119.8, 33.3), 1
(-119.7, 33.3), 1
(-119.6, 33.3), 1
(-119.5, 33.3), 1
(-119.4, 33.3), 1
(-119.3, 33.3), 1
(-119.2, 33.3), 1
(-119.1, 33.3), 1
(-119.0, 33.3), 1
(-118.9, 33.3), 1
(-118.8, 33.3), 1
(-118.7, 33.3), 1
(-118.6, 33.3), 1
(-118.3, 33.3), 1
(-118.2, 33.3), 1
(-118.1, 33.3), 1
(-118.0, 33.3), 1
(-117.9, 33.3), 1
(-117.8, 33.3), 1
(-117.7, 33.3), 0.999
(-117.6, 33.3), 0.624
(-116.0, 33.3), 0.684
(-115.9, 33.3), 0.989
(-115.8, 33.3), 0.599
(-124.2, 33.4), 1
(-124.1, 33.4), 1
(-124.0, 33.4), 1
(-123.9, 33.4), 1
(-123.8, 33.4), 1
(-123.7, 33.4), 1
(-123.6, 33.4), 1
(-123.5, 33.4), 1
(-123.4, 33.4), 1
(-123.3, 33.4), 1
(-123.2, 33.4), 1
(-123.1, 33.4), 1
(-123.0, 33.4), 1
(-122.9, 33.4), 1
(-122.8, 33.4), 1
(-122.7, 33.4), 1
(-122.6, 33.4), 1
(-122.5, 33.4), 1
(-122.4, 33.4), 1
(-122.3, 33.4), 1
(-122.2, 33.4), 1
(-122.1, 33.4), 1
(-122.0, 33.4), 1
(-121.9, 33.4), 1
(-121.8, 33.4), 1
(-121.7, 33.4), 1
(-121.6, 33.4), 1
(-121.5, 33.4), 1
(-121.4, 33.4), 1
(-121.3, 33.4), 1
(-121.2, 33.4), 1
(-121.1, 33.4), 1
(-121.0, 33.4), 1
(-120.9, 33.4), 1
(-120.8, 33.4), 1
(-120.7, 33.4), 1
(-120.6, 33.4), 1
(-120.5, 33.4), 1
(-120.4, 33.4), 1
(-120.3, 33.4), 1
(-120.2, 33.4), 1
(-120.1, 33.4), 1
(-120.0, 33.4), 1
(-119.9, 33.4), 1
(-119.8, 33.4), 1
(-119.7, 33.4), 1
(-119.6, 33.4), 1
(-119.5, 33.4), 1
(-119.4, 33.4), 1
(-119.3, 33.4), 1
(-119.2, 33.4), 1
(-119.1, 33.4), 0.966
(-119.0, 33.4), 1
(-118.9, 33.4), 1
(-118.8, 33.4), 1
(-118.7, 33.4), 0.997
(-118.6, 33.4), 0.686
(-118.5, 33.4), 0.691
(-118.4, 33.4), 0.956
(-118.3, 33.4), 1
(-118.2, 33.4), 1
(-118.1, 33.4), 1
(-118.0, 33.4), 1
(-117.9, 33.4), 1
(-117.8, 33.4), 0.889
(-116.1, 33.4), 0.564
(-116.0, 33.4), 0.99
(-124.2, 33.5), 1
(-124.1, 33.5), 1
(-124.0, 33.5), 1
(-123.9, 33.5), 1
(-123.8, 33.5), 1
(-123.7, 33.5), 1
(-123.6, 33.5), 1
(-123.5, 33.5), 1
(-123.4, 33.5), 1
(-123.3, 33.5), 1
(-123.2, 33.5), 1
(-123.1, 33.5), 1
(-123.0, 33.5), 1
(-122.9, 33.5), 1
(-122.8, 33.5), 1
(-122.7, 33.5), 1
(-122.6, 33.5), 1
(-122.5, 33.5), 1
(-122.4, 33.5), 1
(-122.3, 33.5), 1
(-122.2, 33.5), 1
(-122.1, 33.5), 1
(-122.0, 33.5), 1
(-121.9, 33.5), 1
(-121.8, 33.5), 1
(-121.7, 33.5), 1
(-121.6, 33.5), 1
(-121.5, 33.5), 1
(-121.4, 33.5), 1
(-121.3, 33.5), 1
(-121.2, 33.5), 1
(-121.1, 33.5), 1
(-121.0, 33.5), 1
(-120.9, 33.5), 1
(-120.8, 33.5), 1
(-120.7, 33.5), 1
(-120.6, 33.5), 1
(-120.5, 33.5), 1
(-120.4, 33.5), 1
(-120.3, 33.5), 1
(-120.2, 33.5), 1
(-120.1, 33.5), 1
(-120.0, 33.5), 1
(-119.9, 33.5), 1
(-119.8, 33.5), 1
(-119.7, 33.5), 1
(-119.6, 33.5), 1
(-119.5, 33.5), 1
(-119.4, 33.5), 1
(-119.3, 33.5), 1
(-119.2, 33.5), 1
(-119.1, 33.5), 1
(-119.0, 33.5), 1
(-118.9, 33.5), 1
(-118.8, 33.5), 1
(-118.7, 33.5), 1
(-118.6, 33.5), 1
(-118.5, 33.5), 1
(-118.4, 33.5), 1
(-118.3, 33.5), 1
(-118.2, 33.5), 1
(-118.1, 33.5), 1
(-118.0, 33.5), 1
(-117.9, 33.5), 0.762
(-124.2, 33.6), 1
(-124.1, 33.6), 1
(-124.0, 33.6), 1
(-123.9, 33.6), 1
(-123.8, 33.6), 1
(-123.7, 33.6), 1
(-123.6, 33.6), 1
(-123.5, 33.6), 1
(-123.4, 33.6), 1
(-123.3, 33.6), 1
(-123.2, 33.6), 1
(-123.1, 33.6), 1
(-123.0, 33.6), 1
(-122.9, 33.6), 1
(-122.8, 33.6), 1
(-122.7, 33.6), 1
(-122.6, 33.6), 1
(-122.5, 33.6), 1
(-122.4, 33.6), 1
(-122.3, 33.6), 1
(-122.2, 33.6), 1
(-122.1, 33.6), 1
(-122.0, 33.6), 1
(-121.9, 33.6), 1
(-121.8, 33.6), 1
(-121.7, 33.6), 1
(-121.6, 33.6), 1
(-121.5, 33.6), 1
(-121.4, 33.6), 1
(-121.3, 33.6), 1
(-121.2, 33.6), 1
(-121.1, 33.6), 1
(-121.0, 33.6), 1
(-120.9, 33.6), 1
(-120.8, 33.6), 1
(-120.7, 33.6), 1
(-120.6, 33.6), 1
(-120.5, 33.6), 1
(-120.4, 33.6), 1
(-120.3, 33.6), 1
(-120.2, 33.6), 1
(-120.1, 33.6), 1
(-120.0, 33.6), 1
(-119.9, 33.6), 1
(-119.8, 33.6), 1
(-119.7, 33.6), 1
(-119.6, 33.6), 1
(-119.5, 33.6), 1
(-119.4, 33.6), 1
(-119.3, 33.6), 1
(-119.2, 33.6), 1
(-119.1, 33.6), 1
(-119.0, 33.6), 1
(-118.9, 33.6), 1
(-118.8, 33.6), 1
(-118.7, 33.6), 1
(-118.6, 33.6), 1
(-118.5, 33.6), 1
(-118.4, 33.6), 1
(-118.3, 33.6), 1
(-118.2, 33.6), 1
(-118.1, 33.6), 0.876
(-124.2, 33.7), 1
(-124.1, 33.7), 1
(-124.0, 33.7), 1
(-123.9, 33.7), 1
(-123.8, 33.7), 1
(-123.7, 33.7), 1
(-123.6, 33.7), 1
(-123.5, 33.7), 1
(-123.4, 33.7), 1
(-123.3, 33.7), 1
(-123.2, 33.7), 1
(-123.1, 33.7), 1
(-123.0, 33.7), 1
(-122.9, 33.7), 1
(-122.8, 33.7), 1
(-122.7, 33.7), 1
(-122.6, 33.7), 1
(-122.5, 33.7), 1
(-122.4, 33.7), 1
(-122.3, 33.7), 1
(-122.2, 33.7), 1
(-122.1, 33.7), 1
(-122.0, 33.7), 1
(-121.9, 33.7), 1
(-121.8, 33.7), 1
(-121.7, 33.7), 1
(-121.6, 33.7), 1
(-121.5, 33.7), 1
(-121.4, 33.7), 1
(-121.3, 33.7), 1
(-121.2, 33.7), 1
(-121.1, 33.7), 1
(-121.0, 33.7), 1
(-120.9, 33.7), 1
(-120.8, 33.7), 1
(-120.7, 33.7), 1
(-120.6, 33.7), 1
(-120.5, 33.7), 1
(-120.4, 33.7), 1
(-120.3, 33.7), 1
(-120.2, 33.7), 1
(-120.1, 33.7), 1
(-120.0, 33.7), 1
(-119.9, 33.7), 1
(-119.8, 33.7), 1
(-119.7, 33.7), 1
(-119.6, 33.7), 1
(-119.5, 33.7), 1
(-119.4, 33.7), 1
(-119.3, 33.7), 1
(-119.2, 33.7), 1
(-119.1, 33.7), 1
(-119.0, 33.7), 1
(-118.9, 33.7), 1
(-118.8, 33.7), 1
(-118.7, 33.7), 1
(-118.6, 33.7), 1
(-118.5, 33.7), 0.9
(-118.2, 33.7), 0.516
(-124.2, 33.8), 1
(-124.1, 33.8), 1
(-124.0, 33.8), 1
(-123.9, 33.8), 1
(-123.8, 33.8), 1
(-123.7, 33.8), 1
(-123.6, 33.8), 1
(-123.5, 33.8), 1
(-123.4, 33.8), 1
(-123.3, 33.8), 1
(-123.2, 33.8), 1
(-123.1, 33.8), 1
(-123.0, 33.8), 1
(-122.9, 33.8), 1
(-122.8, 33.8), 1
(-122.7, 33.8), 1
(-122.6, 33.8), 1
(-122.5, 33.8), 1
(-122.4, 33.8), 1
(-122.3, 33.8), 1
(-122.2, 33.8), 1
(-122.1, 33.8), 1
(-122.0, 33.8), 1
(-121.9, 33.8), 1
(-121.8, 33.8), 1
(-121.7, 33.8), 1
(-121.6, 33.8), 1
(-121.5, 33.8), 1
(-121.4, 33.8), 1
(-121.3, 33.8), 1
(-121.2, 33.8), 1
(-121.1, 33.8), 1
(-121.0, 33.8), 1
(-120.9, 33.8), 1
(-120.8, 33.8), 1
(-120.7, 33.8), 1
(-120.6, 33.8), 1
(-120.5, 33.8), 1
(-120.4, 33.8), 1
(-120.3, 33.8), 1
(-120.2, 33.8), 0.99
(-120.1, 33.8), 1
(-120.0, 33.8), 1
(-119.9, 33.8), 1
(-119.8, 33.8), 1
(-119.7, 33.8), 1
(-119.6, 33.8), 1
(-119.5, 33.8), 1
(-119.4, 33.8), 1
(-119.3, 33.8), 1
(-119.2, 33.8), 1
(-119.1, 33.8), 1
(-119.0, 33.8), 1
(-118.9, 33.8), 1
(-118.8, 33.8), 1
(-118.7, 33.8), 1
(-118.6, 33.8), 1
(-118.5, 33.8), 0.961
(-124.2, 33.9), 1
(-124.1, 33.9), 1
(-124.0, 33.9), 1
(-123.9, 33.9), 1
(-123.8, 33.9), 1
(-123.7, 33.9), 1
(-123.6, 33.9), 1
(-123.5, 33.9), 1
(-123.4, 33.9), 1
(-123.3, 33.9), 1
(-123.2, 33.9), 1
(-123.1, 33.9), 1
(-123.0, 33.9), 1
(-122.9, 33.9), 1
(-122.8, 33.9), 1
(-122.7, 33.9), 1
(-122.6, 33.9), 1
(-122.5, 33.9), 1
(-122.4, 33.9), 1
(-122.3, 33.9), 1
(-122.2, 33.9), 1
(-122.1, 33.9), 1
(-122.0, 33.9), 1
(-121.9, 33.9), 1
(-121.8, 33.9), 1
(-121.7, 33.9), 1
(-121.6, 33.9), 1
(-121.5, 33.9), 1
(-121.4, 33.9), 1
(-121.3, 33.9), 1
(-121.2, 33.9), 1
(-121.1, 33.9), 1
(-121.0, 33.9), 1
(-120.9, 33.9), 1
(-120.8, 33.9), 1
(-120.7, 33.9), 1
(-120.6, 33.9), 1
(-120.5, 33.9), 1
(-120.4, 33.9), 1
(-120.3, 33.9), 0.92
(-120.0, 33.9), 0.903
(-119.9, 33.9), 0.756
(-119.8, 33.9), 0.614
(-119.7, 33.9), 0.83
(-119.6, 33.9), 0.968
(-119.5, 33.9), 1
(-119.4, 33.9), 1
(-119.3, 33.9), 1
(-119.2, 33.9), 1
(-119.1, 33.9), 1
(-119.0, 33.9), 1
(-118.9, 33.9), 1
(-118.8, 33.9), 1
(-118.7, 33.9), 1
(-118.6, 33.9), 1
(-118.5, 33.9), 0.521
(-124.2, 34.0), 1
(-124.1, 34.0), 1
(-124.0, 34.0), 1
(-123.9, 34.0), 1
(-123.8, 34.0), 1
(-123.7, 34.0), 1
(-123.6, 34.0), 1
(-123.5, 34.0), 1
(-123.4, 34.0), 1
(-123.3, 34.0), 1
(-123.2, 34.0), 1
(-123.1, 34.0), 1
(-123.0, 34.0), 1
(-122.9, 34.0), 1
(-122.8, 34.0), 1
(-122.7, 34.0), 1
(-122.6, 34.0), 1
(-122.5, 34.0), 1
(-122.4, 34.0), 1
(-122.3, 34.0), 1
(-122.2, 34.0), 1
(-122.1, 34.0), 1
(-122.0, 34.0), 1
(-121.9, 34.0), 1
(-121.8, 34.0), 1
(-121.7, 34.0), 1
(-121.6, 34.0), 1
(-121.5, 34.0), 1
(-121.4, 34.0), 1
(-121.3, 34.0), 1
(-121.2, 34.0), 1
(-121.1, 34.0), 1
(-121.0, 34.0), 1
(-120.9, 34.0), 1
(-120.8, 34.0), 1
(-120.7, 34.0), 1
(-120.6, 34.0), 1
(-120.5, 34.0), 0.908
(-120.4, 34.0), 0.702
(-120.3, 34.0), 0.961
(-120.2, 34.0), 0.834
(-120.1, 34.0), 0.845
(-120.0, 34.0), 0.953
(-119.7, 34.0), 0.789
(-119.6, 34.0), 0.685
(-119.5, 34.0), 0.98
(-119.4, 34.0), 0.987
(-119.3, 34.0), 1
(-119.2, 34.0), 0.993
(-119.1, 34.0), 0.844
(-119.0, 34.0), 0.507
(-124.2, 34.1), 1
(-124.1, 34.1), 1
(-124.0, 34.1), 1
(-123.9, 34.1), 1
(-123.8, 34.1), 1
(-123.7, 34.1), 1
(-123.6, 34.1), 1
(-123.5, 34.1), 1
(-123.4, 34.1), 1
(-123.3, 34.1), 1
(-123.2, 34.1), 1
(-123.1, 34.1), 1
(-123.0, 34.1), 1
(-122.9, 34.1), 1
(-122.8, 34.1), 1
(-122.7, 34.1), 1
(-122.6, 34.1), 1
(-122.5, 34.1), 1
(-122.4, 34.1), 1
(-122.3, 34.1), 1
(-122.2, 34.1), 1
(-122.1, 34.1), 1
(-122.0, 34.1), 1
(-121.9, 34.1), 1
(-121.8, 34.1), 1
(-121.7, 34.1), 1
(-121.6, 34.1), 1
(-121.5, 34.1), 1
(-121.4, 34.1), 1
(-121.3, 34.1), 1
(-121.2, 34.1), 1
(-121.1, 34.1), 1
(-121.0, 34.1), 1
(-120.9, 34.1), 1
(-120.8, 34.1), 1
(-120.7, 34.1), 1
(-120.6, 34.1), 1
(-120.5, 34.1), 1
(-120.4, 34.1), 1
(-120.3, 34.1), 1
(-120.2, 34.1), 1
(-120.1, 34.1), 1
(-120.0, 34.1), 1
(-119.9, 34.1), 1
(-119.8, 34.1), 1
(-119.7, 34.1), 1
(-119.6, 34.1), 1
(-119.5, 34.1), 1
(-119.4, 34.1), 1
(-119.3, 34.1), 0.817
(-124.2, 34.2), 1
(-124.1, 34.2), 1
(-124.0, 34.2), 1
(-123.9, 34.2), 1
(-123.8, 34.2), 1
(-123.7, 34.2), 1
(-123.6, 34.2), 1
(-123.5, 34.2), 1
(-123.4, 34.2), 1
(-123.3, 34.2), 1
(-123.2, 34.2), 1
(-123.1, 34.2), 1
(-123.0, 34.2), 1
(-122.9, 34.2), 1
(-122.8, 34.2), 1
(-122.7, 34.2), 1
(-122.6, 34.2), 1
(-122.5, 34.2), 1
(-122.4, 34.2), 1
(-122.3, 34.2), 1
(-122.2, 34.2), 1
(-122.1, 34.2), 1
(-122.0, 34.2), 1
(-121.9, 34.2), 1
(-121.8, 34.2), 1
(-121.7, 34.2), 1
(-121.6, 34.2), 1
(-121.5, 34.2), 1
(-121.4, 34.2), 1
(-121.3, 34.2), 1
(-121.2, 34.2), 1
(-121.1, 34.2), 1
(-121.0, 34.2), 1
(-120.9, 34.2), 1
(-120.8, 34.2), 1
(-120.7, 34.2), 1
(-120.6, 34.2), 1
(-120.5, 34.2), 1
(-120.4, 34.2), 1
(-120.3, 34.2), 1
(-120.2, 34.2), 1
(-120.1, 34.2), 1
(-120.0, 34.2), 1
(-119.9, 34.2), 1
(-119.8, 34.2), 1
(-119.7, 34.2), 1
(-119.6, 34.2), 1
(-119.5, 34.2), 1
(-119.4, 34.2), 0.923
(-124.2, 34.3), 1
(-124.1, 34.3), 1
(-124.0, 34.3), 1
(-123.9, 34.3), 1
(-123.8, 34.3), 1
(-123.7, 34.3), 1
(-123.6, 34.3), 1
(-123.5, 34.3), 1
(-123.4, 34.3), 1
(-123.3, 34.3), 1
(-123.2, 34.3), 1
(-123.1, 34.3), 1
(-123.0, 34.3), 1
(-122.9, 34.3), 1
(-122.8, 34.3), 1
(-122.7, 34.3), 1
(-122.6, 34.3), 1
(-122.5, 34.3), 1
(-122.4, 34.3), 1
(-122.3, 34.3), 1
(-122.2, 34.3), 1
(-122.1, 34.3), 1
(-122.0, 34.3), 1
(-121.9, 34.3), 1
(-121.8, 34.3), 1
(-121.7, 34.3), 1
(-121.6, 34.3), 1
(-121.5, 34.3), 1
(-121.4, 34.3), 1
(-121.3, 34.3), 1
(-121.2, 34.3), 1
(-121.1, 34.3), 1
(-121.0, 34.3), 1
(-120.9, 34.3), 1
(-120.8, 34.3), 1
(-120.7, 34.3), 1
(-120.6, 34.3), 1
(-120.5, 34.3), 1
(-120.4, 34.3), 1
(-120.3, 34.3), 1
(-120.2, 34.3), 1
(-120.1, 34.3), 1
(-120.0, 34.3), 1
(-119.9, 34.3), 1
(-119.8, 34.3), 0.987
(-119.7, 34.3), 1
(-119.6, 34.3), 0.962
(-119.5, 34.3), 0.619
(-124.2, 34.4), 1
(-124.1, 34.4), 1
(-124.0, 34.4), 1
(-123.9, 34.4), 1
(-123.8, 34.4), 1
(-123.7, 34.4), 1
(-123.6, 34.4), 1
(-123.5, 34.4), 1
(-123.4, 34.4), 1
(-123.3, 34.4), 1
(-123.2, 34.4), 1
(-123.1, 34.4), 1
(-123.0, 34.4), 1
(-122.9, 34.4), 1
(-122.8, 34.4), 1
(-122.7, 34.4), 1
(-122.6, 34.4), 1
(-122.5, 34.4), 1
(-122.4, 34.4), 1
(-122.3, 34.4), 1
(-122.2, 34.4), 1
(-122.1, 34.4), 1
(-122.0, 34.4), 1
(-121.9, 34.4), 1
(-121.8, 34.4), 1
(-121.7, 34.4), 1
(-121.6, 34.4), 1
(-121.5, 34.4), 1
(-121.4, 34.4), 1
(-121.3, 34.4), 1
(-121.2, 34.4), 1
(-121.1, 34.4), 1
(-121.0, 34.4), 1
(-120.9, 34.4), 1
(-120.8, 34.4), 1
(-120.7, 34.4), 1
(-120.6, 34.4), 1
(-120.5, 34.4), 0.597
(-120.4, 34.4), 0.593
(-120.3, 34.4), 0.694
(-120.2, 34.4), 0.704
(-120.1, 34.4), 0.608
(-124.2, 34.5), 1
(-124.1, 34.5), 1
(-124.0, 34.5), 1
(-123.9, 34.5), 1
(-123.8, 34.5), 1
(-123.7, 34.5), 1
(-123.6, 34.5), 1
(-123.5, 34.5), 1
(-123.4, 34.5), 1
(-123.3, 34.5), 1
(-123.2, 34.5), 1
(-123.1, 34.5), 1
(-123.0, 34.5), 1
(-122.9, 34.5), 1
(-122.8, 34.5), 1
(-122.7, 34.5), 1
(-122.6, 34.5), 1
(-122.5, 34.5), 1
(-122.4, 34.5), 1
(-122.3, 34.5), 1
(-122.2, 34.5), 1
(-122.1, 34.5), 1
(-122.0, 34.5), 1
(-121.9, 34.5), 1
(-121.8, 34.5), 1
(-121.7, 34.5), 1
(-121.6, 34.5), 1
(-121.5, 34.5), 1
(-121.4, 34.5), 1
(-121.3, 34.5), 1
(-121.2, 34.5), 1
(-121.1, 34.5), 1
(-121.0, 34.5), 1
(-120.9, 34.5), 1
(-120.8, 34.5), 1
(-120.7, 34.5), 0.819
(-124.2, 34.6), 1
(-124.1, 34.6), 1
(-124.0, 34.6), 1
(-123.9, 34.6), 1
(-123.8, 34.6), 1
(-123.7, 34.6), 1
(-123.6, 34.6), 1
(-123.5, 34.6), 1
(-123.4, 34.6), 1
(-123.3, 34.6), 1
(-123.2, 34.6), 1
(-123.1, 34.6), 1
(-123.0, 34.6), 1
(-122.9, 34.6), 1
(-122.8, 34.6), 1
(-122.7, 34.6), 1
(-122.6, 34.6), 1
(-122.5, 34.6), 1
(-122.4, 34.6), 1
(-122.3, 34.6), 1
(-122.2, 34.6), 1
(-122.1, 34.6), 1
(-122.0, 34.6), 1
(-121.9, 34.6), 1
(-121.8, 34.6), 1
(-121.7, 34.6), 1
(-121.6, 34.6), 1
(-121.5, 34.6), 1
(-121.4, 34.6), 1
(-121.3, 34.6), 1
(-121.2, 34.6), 1
(-121.1, 34.6), 1
(-121.0, 34.6), 1
(-120.9, 34.6), 1
(-120.8, 34.6), 1
(-120.7, 34.6), 0.805
(-124.2, 34.7), 1
(-124.1, 34.7), 1
(-124.0, 34.7), 1
(-123.9, 34.7), 1
(-123.8, 34.7), 1
(-123.7, 34.7), 1
(-123.6, 34.7), 1
(-123.5, 34.7), 1
(-123.4, 34.7), 1
(-123.3, 34.7), 1
(-123.2, 34.7), 1
(-123.1, 34.7), 1
(-123.0, 34.7), 1
(-122.9, 34.7), 1
(-122.8, 34.7), 1
(-122.7, 34.7), 1
(-122.6, 34.7), 1
(-122.5, 34.7), 1
(-122.4, 34.7), 1
(-122.3, 34.7), 1
(-122.2, 34.7), 1
(-122.1, 34.7), 1
(-122.0, 34.7), 1
(-121.9, 34.7), 1
(-121.8, 34.7), 1
(-121.7, 34.7), 1
(-121.6, 34.7), 1
(-121.5, 34.7), 1
(-121.4, 34.7), 1
(-121.3, 34.7), 1
(-121.2, 34.7), 1
(-121.1, 34.7), 1
(-121.0, 34.7), 1
(-120.9, 34.7), 1
(-120.8, 34.7), 1
(-120.7, 34.7), 0.782
(-124.2, 34.8), 1
(-124.1, 34.8), 1
(-124.0, 34.8), 1
(-123.9, 34.8), 1
(-123.8, 34.8), 1
(-123.7, 34.8), 1
(-123.6, 34.8), 1
(-123.5, 34.8), 1
(-123.4, 34.8), 1
(-123.3, 34.8), 1
(-123.2, 34.8), 1
(-123.1, 34.8), 1
(-123.0, 34.8), 1
(-122.9, 34.8), 1
(-122.8, 34.8), 1
(-122.7, 34.8), 1
(-122.6, 34.8), 1
(-122.5, 34.8), 1
(-122.4, 34.8), 1
(-122.3, 34.8), 1
(-122.2, 34.8), 1
(-122.1, 34.8), 1
(-122.0, 34.8), 1
(-121.9, 34.8), 1
(-121.8, 34.8), 1
(-121.7, 34.8), 1
(-121.6, 34.8), 1
(-121.5, 34.8), 1
(-121.4, 34.8), 1
(-121.3, 34.8), 1
(-121.2, 34.8), 1
(-121.1, 34.8), 1
(-121.0, 34.8), 1
(-120.9, 34.8), 1
(-120.8, 34.8), 1
(-120.7, 34.8), 0.792
(-124.2, 34.9), 1
(-124.1, 34.9), 1
(-124.0, 34.9), 1
(-123.9, 34.9), 1
(-123.8, 34.9), 1
(-123.7, 34.9), 1
(-123.6, 34.9), 1
(-123.5, 34.9), 1
(-123.4, 34.9), 1
(-123.3, 34.9), 1
(-123.2, 34.9), 1
(-123.1, 34.9), 1
(-123.0, 34.9), 1
(-122.9, 34.9), 1
(-122.8, 34.9), 1
(-122.7, 34.9), 1
(-122.6, 34.9), 1
(-122.5, 34.9), 1
(-122.4, 34.9), 1
(-122.3, 34.9), 1
(-122.2, 34.9), 1
(-122.1, 34.9), 1
(-122.0, 34.9), 1
(-121.9, 34.9), 1
(-121.8, 34.9), 1
(-121.7, 34.9), 1
(-121.6, 34.9), 1
(-121.5, 34.9), 1
(-121.4, 34.9), 1
(-121.3, 34.9), 1
(-121.2, 34.9), 1
(-121.1, 34.9), 1
(-121.0, 34.9), 1
(-120.9, 34.9), 1
(-120.8, 34.9), 1
(-124.2, 35.0), 1
(-124.1, 35.0), 1
(-124.0, 35.0), 1
(-123.9, 35.0), 1
(-123.8, 35.0), 1
(-123.7, 35.0), 1
(-123.6, 35.0), 1
(-123.5, 35.0), 1
(-123.4, 35.0), 1
(-123.3, 35.0), 1
(-123.2, 35.0), 1
(-123.1, 35.0), 1
(-123.0, 35.0), 1
(-122.9, 35.0), 1
(-122.8, 35.0), 1
(-122.7, 35.0), 1
(-122.6, 35.0), 1
(-122.5, 35.0), 1
(-122.4, 35.0), 1
(-122.3, 35.0), 1
(-122.2, 35.0), 1
(-122.1, 35.0), 1
(-122.0, 35.0), 1
(-121.9, 35.0), 1
(-121.8, 35.0), 1
(-121.7, 35.0), 1
(-121.6, 35.0), 1
(-121.5, 35.0), 1
(-121.4, 35.0), 1
(-121.3, 35.0), 1
(-121.2, 35.0), 1
(-121.1, 35.0), 1
(-121.0, 35.0), 1
(-120.9, 35.0), 1
(-120.8, 35.0), 1
(-120.7, 35.0), 0.682
(-124.2, 35.1), 1
(-124.1, 35.1), 1
(-124.0, 35.1), 1
(-123.9, 35.1), 1
(-123.8, 35.1), 1
(-123.7, 35.1), 1
(-123.6, 35.1), 1
(-123.5, 35.1), 1
(-123.4, 35.1), 1
(-123.3, 35.1), 1
(-123.2, 35.1), 1
(-123.1, 35.1), 1
(-123.0, 35.1), 1
(-122.9, 35.1), 1
(-122.8, 35.1), 1
(-122.7, 35.1), 1
(-122.6, 35.1), 1
(-122.5, 35.1), 1
(-122.4, 35.1), 1
(-122.3, 35.1), 1
(-122.2, 35.1), 1
(-122.1, 35.1), 1
(-122.0, 35.1), 1
(-121.9, 35.1), 1
(-121.8, 35.1), 1
(-121.7, 35.1), 1
(-121.6, 35.1), 1
(-121.5, 35.1), 1
(-121.4, 35.1), 1
(-121.3, 35.1), 1
(-121.2, 35.1), 1
(-121.1, 35.1), 1
(-121.0, 35.1), 1
(-120.9, 35.1), 0.962
(-120.8, 35.1), 0.722
(-124.2, 35.2), 1
(-124.1, 35.2), 1
(-124.0, 35.2), 1
(-123.9, 35.2), 1
(-123.8, 35.2), 1
(-123.7, 35.2), 1
(-123.6, 35.2), 1
(-123.5, 35.2), 1
(-123.4, 35.2), 1
(-123.3, 35.2), 1
(-123.2, 35.2), 1
(-123.1, 35.2), 1
(-123.0, 35.2), 1
(-122.9, 35.2), 1
(-122.8, 35.2), 1
(-122.7, 35.2), 1
(-122.6, 35.2), 1
(-122.5, 35.2), 1
(-122.4, 35.2), 1
(-122.3, 35.2), 1
(-122.2, 35.2), 1
(-122.1, 35.2), 1
(-122.0, 35.2), 1
(-121.9, 35.2), 1
(-121.8, 35.2), 1
(-121.7, 35.2), 1
(-121.6, 35.2), 1
(-121.5, 35.2), 1
(-121.4, 35.2), 1
(-121.3, 35.2), 1
(-121.2, 35.2), 1
(-121.1, 35.2), 1
(-121.0, 35.2), 1.0
(-124.2, 35.3), 1
(-124.1, 35.3), 1
(-124.0, 35.3), 1
(-123.9, 35.3), 1
(-123.8, 35.3), 1
(-123.7, 35.3), 1
(-123.6, 35.3), 1
(-123.5, 35.3), 1
(-123.4, 35.3), 1
(-123.3, 35.3), 1
(-123.2, 35.3), 1
(-123.1, 35.3), 1
(-123.0, 35.3), 1
(-122.9, 35.3), 1
(-122.8, 35.3), 1
(-122.7, 35.3), 1
(-122.6, 35.3), 1
(-122.5, 35.3), 1
(-122.4, 35.3), 1
(-122.3, 35.3), 1
(-122.2, 35.3), 1
(-122.1, 35.3), 1
(-122.0, 35.3), 1
(-121.9, 35.3), 1
(-121.8, 35.3), 1
(-121.7, 35.3), 1
(-121.6, 35.3), 1
(-121.5, 35.3), 1
(-121.4, 35.3), 1
(-121.3, 35.3), 1
(-121.2, 35.3), 1
(-121.1, 35.3), 1
(-121.0, 35.3), 1
(-124.2, 35.4), 1
(-124.1, 35.4), 1
(-124.0, 35.4), 1
(-123.9, 35.4), 1
(-123.8, 35.4), 1
(-123.7, 35.4), 1
(-123.6, 35.4), 1
(-123.5, 35.4), 1
(-123.4, 35.4), 1
(-123.3, 35.4), 1
(-123.2, 35.4), 1
(-123.1, 35.4), 1
(-123.0, 35.4), 1
(-122.9, 35.4), 1
(-122.8, 35.4), 1
(-122.7, 35.4), 1
(-122.6, 35.4), 1
(-122.5, 35.4), 1
(-122.4, 35.4), 1
(-122.3, 35.4), 1
(-122.2, 35.4), 1
(-122.1, 35.4), 1
(-122.0, 35.4), 1
(-121.9, 35.4), 1
(-121.8, 35.4), 1
(-121.7, 35.4), 1
(-121.6, 35.4), 1
(-121.5, 35.4), 1
(-121.4, 35.4), 1
(-121.3, 35.4), 1
(-121.2, 35.4), 1
(-121.1, 35.4), 0.905
(-121.0, 35.4), 0.516
(-124.2, 35.5), 1
(-124.1, 35.5), 1
(-124.0, 35.5), 1
(-123.9, 35.5), 1
(-123.8, 35.5), 1
(-123.7, 35.5), 1
(-123.6, 35.5), 1
(-123.5, 35.5), 1
(-123.4, 35.5), 1
(-123.3, 35.5), 1
(-123.2, 35.5), 1
(-123.1, 35.5), 1
(-123.0, 35.5), 1
(-122.9, 35.5), 1
(-122.8, 35.5), 1
(-122.7, 35.5), 1
(-122.6, 35.5), 1
(-122.5, 35.5), 1
(-122.4, 35.5), 1
(-122.3, 35.5), 1
(-122.2, 35.5), 1
(-122.1, 35.5), 1
(-122.0, 35.5), 1
(-121.9, 35.5), 1
(-121.8, 35.5), 1
(-121.7, 35.5), 1
(-121.6, 35.5), 1
(-121.5, 35.5), 1
(-121.4, 35.5), 1
(-121.3, 35.5), 1
(-121.2, 35.5), 0.926
(-124.2, 35.6), 1
(-124.1, 35.6), 1
(-124.0, 35.6), 1
(-123.9, 35.6), 1
(-123.8, 35.6), 1
(-123.7, 35.6), 1
(-123.6, 35.6), 1
(-123.5, 35.6), 1
(-123.4, 35.6), 1
(-123.3, 35.6), 1
(-123.2, 35.6), 1
(-123.1, 35.6), 1
(-123.0, 35.6), 1
(-122.9, 35.6), 1
(-122.8, 35.6), 1
(-122.7, 35.6), 1
(-122.6, 35.6), 1
(-122.5, 35.6), 1
(-122.4, 35.6), 1
(-122.3, 35.6), 1
(-122.2, 35.6), 1
(-122.1, 35.6), 1
(-122.0, 35.6), 1
(-121.9, 35.6), 1
(-121.8, 35.6), 1
(-121.7, 35.6), 1
(-121.6, 35.6), 1
(-121.5, 35.6), 1
(-121.4, 35.6), 1.0
(-121.3, 35.6), 0.604
(-124.2, 35.7), 1
(-124.1, 35.7), 1
(-124.0, 35.7), 1
(-123.9, 35.7), 1
(-123.8, 35.7), 1
(-123.7, 35.7), 1
(-123.6, 35.7), 1
(-123.5, 35.7), 1
(-123.4, 35.7), 1
(-123.3, 35.7), 1
(-123.2, 35.7), 1
(-123.1, 35.7), 1
(-123.0, 35.7), 1
(-122.9, 35.7), 1
(-122.8, 35.7), 1
(-122.7, 35.7), 1
(-122.6, 35.7), 1
(-122.5, 35.7), 1
(-122.4, 35.7), 1
(-122.3, 35.7), 1
(-122.2, 35.7), 1
(-122.1, 35.7), 1
(-122.0, 35.7), 1
(-121.9, 35.7), 1
(-121.8, 35.7), 1
(-121.7, 35.7), 1
(-121.6, 35.7), 1
(-121.5, 35.7), 1
(-121.4, 35.7), 0.781
(-124.2, 35.8), 1
(-124.1, 35.8), 1
(-124.0, 35.8), 1
(-123.9, 35.8), 1
(-123.8, 35.8), 1
(-123.7, 35.8), 1
(-123.6, 35.8), 1
(-123.5, 35.8), 1
(-123.4, 35.8), 1
(-123.3, 35.8), 1
(-123.2, 35.8), 1
(-123.1, 35.8), 1
(-123.0, 35.8), 1
(-122.9, 35.8), 1
(-122.8, 35.8), 1
(-122.7, 35.8), 1
(-122.6, 35.8), 1
(-122.5, 35.8), 1
(-122.4, 35.8), 1
(-122.3, 35.8), 1
(-122.2, 35.8), 1
(-122.1, 35.8), 1
(-122.0, 35.8), 1
(-121.9, 35.8), 1
(-121.8, 35.8), 1
(-121.7, 35.8), 1
(-121.6, 35.8), 1
(-121.5, 35.8), 0.775
(-124.2, 35.9), 1
(-124.1, 35.9), 1
(-124.0, 35.9), 1
(-123.9, 35.9), 1
(-123.8, 35.9), 1
(-123.7, 35.9), 1
(-123.6, 35.9), 1
(-123.5, 35.9), 1
(-123.4, 35.9), 1
(-123.3, 35.9), 1
(-123.2, 35.9), 1
(-123.1, 35.9), 1
(-123.0, 35.9), 1
(-122.9, 35.9), 1
(-122.8, 35.9), 1
(-122.7, 35.9), 1
(-122.6, 35.9), 1
(-122.5, 35.9), 1
(-122.4, 35.9), 1
(-122.3, 35.9), 1
(-122.2, 35.9), 1
(-122.1, 35.9), 1
(-122.0, 35.9), 1
(-121.9, 35.9), 1
(-121.8, 35.9), 1
(-121.7, 35.9), 1
(-121.6, 35.9), 0.999
(-124.2, 36.0), 1
(-124.1, 36.0), 1
(-124.0, 36.0), 1
(-123.9, 36.0), 1
(-123.8, 36.0), 1
(-123.7, 36.0), 1
(-123.6, 36.0), 1
(-123.5, 36.0), 1
(-123.4, 36.0), 1
(-123.3, 36.0), 1
(-123.2, 36.0), 1
(-123.1, 36.0), 1
(-123.0, 36.0), 1
(-122.9, 36.0), 1
(-122.8, 36.0), 1
(-122.7, 36.0), 1
(-122.6, 36.0), 1
(-122.5, 36.0), 1
(-122.4, 36.0), 1
(-122.3, 36.0), 1
(-122.2, 36.0), 1
(-122.1, 36.0), 1
(-122.0, 36.0), 1
(-121.9, 36.0), 1
(-121.8, 36.0), 1
(-121.7, 36.0), 0.952
(-114.8, 36.0), 0.614
(-124.2, 36.1), 1
(-124.1, 36.1), 1
(-124.0, 36.1), 1
(-123.9, 36.1), 1
(-123.8, 36.1), 1
(-123.7, 36.1), 1
(-123.6, 36.1), 1
(-123.5, 36.1), 1
(-123.4, 36.1), 1
(-123.3, 36.1), 1
(-123.2, 36.1), 1
(-123.1, 36.1), 1
(-123.0, 36.1), 1
(-122.9, 36.1), 1
(-122.8, 36.1), 1
(-122.7, 36.1), 1
(-122.6, 36.1), 1
(-122.5, 36.1), 1
(-122.4, 36.1), 1
(-122.3, 36.1), 1
(-122.2, 36.1), 1
(-122.1, 36.1), 1
(-122.0, 36.1), 1
(-121.9, 36.1), 1
(-121.8, 36.1), 0.973
(-114.5, 36.1), 0.771
(-124.2, 36.2), 1
(-124.1, 36.2), 1
(-124.0, 36.2), 1
(-123.9, 36.2), 1
(-123.8, 36.2), 1
(-123.7, 36.2), 1
(-123.6, 36.2), 1
(-123.5, 36.2), 1
(-123.4, 36.2), 1
(-123.3, 36.2), 1
(-123.2, 36.2), 1
(-123.1, 36.2), 1
(-123.0, 36.2), 1
(-122.9, 36.2), 1
(-122.8, 36.2), 1
(-122.7, 36.2), 1
(-122.6, 36.2), 1
(-122.5, 36.2), 1
(-122.4, 36.2), 1
(-122.3, 36.2), 1
(-122.2, 36.2), 1
(-122.1, 36.2), 1
(-122.0, 36.2), 1
(-121.9, 36.2), 0.682
(-124.2, 36.3), 1
(-124.1, 36.3), 1
(-124.0, 36.3), 1
(-123.9, 36.3), 1
(-123.8, 36.3), 1
(-123.7, 36.3), 1
(-123.6, 36.3), 1
(-123.5, 36.3), 1
(-123.4, 36.3), 1
(-123.3, 36.3), 1
(-123.2, 36.3), 1
(-123.1, 36.3), 1
(-123.0, 36.3), 1
(-122.9, 36.3), 1
(-122.8, 36.3), 1
(-122.7, 36.3), 1
(-122.6, 36.3), 1
(-122.5, 36.3), 1
(-122.4, 36.3), 1
(-122.3, 36.3), 1
(-122.2, 36.3), 1
(-122.1, 36.3), 1
(-122.0, 36.3), 0.972
(-124.2, 36.4), 1
(-124.1, 36.4), 1
(-124.0, 36.4), 1
(-123.9, 36.4), 1
(-123.8, 36.4), 1
(-123.7, 36.4), 1
(-123.6, 36.4), 1
(-123.5, 36.4), 1
(-123.4, 36.4), 1
(-123.3, 36.4), 1
(-123.2, 36.4), 1
(-123.1, 36.4), 1
(-123.0, 36.4), 1
(-122.9, 36.4), 1
(-122.8, 36.4), 1
(-122.7, 36.4), 1
(-122.6, 36.4), 1
(-122.5, 36.4), 1
(-122.4, 36.4), 1
(-122.3, 36.4), 1
(-122.2, 36.4), 1
(-122.1, 36.4), 1
(-122.0, 36.4), 0.719
(-124.2, 36.5), 1
(-124.1, 36.5), 1
(-124.0, 36.5), 1
(-123.9, 36.5), 1
(-123.8, 36.5), 1
(-123.7, 36.5), 1
(-123.6, 36.5), 1
(-123.5, 36.5), 1
(-123.4, 36.5), 1
(-123.3, 36.5), 1
(-123.2, 36.5), 1
(-123.1, 36.5), 1
(-123.0, 36.5), 1
(-122.9, 36.5), 1
(-122.8, 36.5), 1
(-122.7, 36.5), 1
(-122.6, 36.5), 1
(-122.5, 36.5), 1
(-122.4, 36.5), 1
(-122.3, 36.5), 1
(-122.2, 36.5), 1
(-122.1, 36.5), 1
(-122.0, 36.5), 0.516
(-124.2, 36.6), 1
(-124.1, 36.6), 1
(-124.0, 36.6), 1
(-123.9, 36.6), 1
(-123.8, 36.6), 1
(-123.7, 36.6), 1
(-123.6, 36.6), 1
(-123.5, 36.6), 1
(-123.4, 36.6), 1
(-123.3, 36.6), 1
(-123.2, 36.6), 1
(-123.1, 36.6), 1
(-123.0, 36.6), 1
(-122.9, 36.6), 1
(-122.8, 36.6), 1
(-122.7, 36.6), 1
(-122.6, 36.6), 1
(-122.5, 36.6), 1
(-122.4, 36.6), 1
(-122.3, 36.6), 1
(-122.2, 36.6), 1
(-122.1, 36.6), 1
(-122.0, 36.6), 0.854
(-121.9, 36.6), 0.651
(-124.2, 36.7), 1
(-124.1, 36.7), 1
(-124.0, 36.7), 1
(-123.9, 36.7), 1
(-123.8, 36.7), 1
(-123.7, 36.7), 1
(-123.6, 36.7), 1
(-123.5, 36.7), 1
(-123.4, 36.7), 1
(-123.3, 36.7), 1
(-123.2, 36.7), 1
(-123.1, 36.7), 1
(-123.0, 36.7), 1
(-122.9, 36.7), 1
(-122.8, 36.7), 1
(-122.7, 36.7), 1
(-122.6, 36.7), 1
(-122.5, 36.7), 1
(-122.4, 36.7), 1
(-122.3, 36.7), 1
(-122.2, 36.7), 1
(-122.1, 36.7), 1
(-122.0, 36.7), 1
(-121.9, 36.7), 0.966
(-124.2, 36.8), 1
(-124.1, 36.8), 1
(-124.0, 36.8), 1
(-123.9, 36.8), 1
(-123.8, 36.8), 1
(-123.7, 36.8), 1
(-123.6, 36.8), 1
(-123.5, 36.8), 1
(-123.4, 36.8), 1
(-123.3, 36.8), 1
(-123.2, 36.8), 1
(-123.1, 36.8), 1
(-123.0, 36.8), 1
(-122.9, 36.8), 1
(-122.8, 36.8), 1
(-122.7, 36.8), 1
(-122.6, 36.8), 1
(-122.5, 36.8), 1
(-122.4, 36.8), 1
(-122.3, 36.8), 1
(-122.2, 36.8), 1
(-122.1, 36.8), 1
(-122.0, 36.8), 1
(-121.9, 36.8), 0.868
(-124.2, 36.9), 1
(-124.1, 36.9), 1
(-124.0, 36.9), 1
(-123.9, 36.9), 1
(-123.8, 36.9), 1
(-123.7, 36.9), 1
(-123.6, 36.9), 1
(-123.5, 36.9), 1
(-123.4, 36.9), 1
(-123.3, 36.9), 1
(-123.2, 36.9), 1
(-123.1, 36.9), 1
(-123.0, 36.9), 1
(-122.9, 36.9), 1
(-122.8, 36.9), 1
(-122.7, 36.9), 1
(-122.6, 36.9), 1
(-122.5, 36.9), 1
(-122.4, 36.9), 1
(-122.3, 36.9), 1
(-122.2, 36.9), 0.785
(-122.1, 36.9), 0.535
(-122.0, 36.9), 0.668
(-124.2, 37.0), 1
(-124.1, 37.0), 1
(-124.0, 37.0), 1
(-123.9, 37.0), 1
(-123.8, 37.0), 1
(-123.7, 37.0), 1
(-123.6, 37.0), 1
(-123.5, 37.0), 1
(-123.4, 37.0), 1
(-123.3, 37.0), 1
(-123.2, 37.0), 1
(-123.1, 37.0), 1
(-123.0, 37.0), 1
(-122.9, 37.0), 1
(-122.8, 37.0), 1
(-122.7, 37.0), 1
(-122.6, 37.0), 1
(-122.5, 37.0), 1
(-122.4, 37.0), 1
(-122.3, 37.0), 0.594
(-124.2, 37.1), 1
(-124.1, 37.1), 1
(-124.0, 37.1), 1
(-123.9, 37.1), 1
(-123.8, 37.1), 1
(-123.7, 37.1), 1
(-123.6, 37.1), 1
(-123.5, 37.1), 1
(-123.4, 37.1), 1
(-123.3, 37.1), 1
(-123.2, 37.1), 1
(-123.1, 37.1), 1
(-123.0, 37.1), 1
(-122.9, 37.1), 1
(-122.8, 37.1), 1
(-122.7, 37.1), 1
(-122.6, 37.1), 1
(-122.5, 37.1), 0.997
(-124.2, 37.2), 1
(-124.1, 37.2), 1
(-124.0, 37.2), 1
(-123.9, 37.2), 1
(-123.8, 37.2), 1
(-123.7, 37.2), 1
(-123.6, 37.2), 1
(-123.5, 37.2), 1
(-123.4, 37.2), 1
(-123.3, 37.2), 1
(-123.2, 37.2), 1
(-123.1, 37.2), 1
(-123.0, 37.2), 1
(-122.9, 37.2), 1
(-122.8, 37.2), 1
(-122.7, 37.2), 1
(-122.6, 37.2), 1
(-122.5, 37.2), 0.889
(-124.2, 37.3), 1
(-124.1, 37.3), 1
(-124.0, 37.3), 1
(-123.9, 37.3), 1
(-123.8, 37.3), 1
(-123.7, 37.3), 1
(-123.6, 37.3), 1
(-123.5, 37.3), 1
(-123.4, 37.3), 1
(-123.3, 37.3), 1
(-123.2, 37.3), 1
(-123.1, 37.3), 1
(-123.0, 37.3), 1
(-122.9, 37.3), 1
(-122.8, 37.3), 1
(-122.7, 37.3), 1
(-122.6, 37.3), 1
(-122.5, 37.3), 0.93
(-124.2, 37.4), 1
(-124.1, 37.4), 1
(-124.0, 37.4), 1
(-123.9, 37.4), 1
(-123.8, 37.4), 1
(-123.7, 37.4), 1
(-123.6, 37.4), 1
(-123.5, 37.4), 1
(-123.4, 37.4), 1
(-123.3, 37.4), 1
(-123.2, 37.4), 1
(-123.1, 37.4), 1
(-123.0, 37.4), 1
(-122.9, 37.4), 1
(-122.8, 37.4), 1
(-122.7, 37.4), 1
(-122.6, 37.4), 1.0
(-122.5, 37.4), 0.558
(-122.1, 37.4), 0.579
(-124.2, 37.5), 1
(-124.1, 37.5), 1
(-124.0, 37.5), 1
(-123.9, 37.5), 1
(-123.8, 37.5), 1
(-123.7, 37.5), 1
(-123.6, 37.5), 1
(-123.5, 37.5), 1
(-123.4, 37.5), 1
(-123.3, 37.5), 1
(-123.2, 37.5), 1
(-123.1, 37.5), 1
(-123.0, 37.5), 1
(-122.9, 37.5), 1
(-122.8, 37.5), 1
(-122.7, 37.5), 1
(-122.6, 37.5), 0.857
(-122.2, 37.5), 0.884
(-124.2, 37.6), 1
(-124.1, 37.6), 1
(-124.0, 37.6), 1
(-123.9, 37.6), 1
(-123.8, 37.6), 1
(-123.7, 37.6), 1
(-123.6, 37.6), 1
(-123.5, 37.6), 1
(-123.4, 37.6), 1
(-123.3, 37.6), 1
(-123.2, 37.6), 1
(-123.1, 37.6), 0.996
(-123.0, 37.6), 0.999
(-122.9, 37.6), 1
(-122.8, 37.6), 1
(-122.7, 37.6), 1
(-122.6, 37.6), 0.999
(-122.4, 37.6), 0.793
(-122.3, 37.6), 0.998
(-124.2, 37.7), 1
(-124.1, 37.7), 1
(-124.0, 37.7), 1
(-123.9, 37.7), 1
(-123.8, 37.7), 1
(-123.7, 37.7), 1
(-123.6, 37.7), 1
(-123.5, 37.7), 1
(-123.4, 37.7), 1
(-123.3, 37.7), 1
(-123.2, 37.7), 1
(-123.1, 37.7), 0.999
(-123.0, 37.7), 1
(-122.9, 37.7), 1
(-122.8, 37.7), 1
(-122.7, 37.7), 1
(-122.6, 37.7), 0.929
(-122.4, 37.7), 0.724
(-124.2, 37.8), 1
(-124.1, 37.8), 1
(-124.0, 37.8), 1
(-123.9, 37.8), 1
(-123.8, 37.8), 1
(-123.7, 37.8), 1
(-123.6, 37.8), 1
(-123.5, 37.8), 1
(-123.4, 37.8), 1
(-123.3, 37.8), 1
(-123.2, 37.8), 1
(-123.1, 37.8), 1
(-123.0, 37.8), 1
(-122.9, 37.8), 1
(-122.8, 37.8), 0.994
(-122.7, 37.8), 0.921
(-122.5, 37.8), 0.703
(-122.4, 37.8), 0.843
(-124.2, 37.9), 1
(-124.1, 37.9), 1
(-124.0, 37.9), 1
(-123.9, 37.9), 1
(-123.8, 37.9), 1
(-123.7, 37.9), 1
(-123.6, 37.9), 1
(-123.5, 37.9), 1
(-123.4, 37.9), 1
(-123.3, 37.9), 1
(-123.2, 37.9), 1
(-123.1, 37.9), 0.987
(-123.0, 37.9), 0.98
(-122.9, 37.9), 0.968
(-122.5, 37.9), 0.733
(-124.2, 38.0), 1
(-124.1, 38.0), 1
(-124.0, 38.0), 1
(-123.9, 38.0), 1
(-123.8, 38.0), 1
(-123.7, 38.0), 1
(-123.6, 38.0), 1
(-123.5, 38.0), 1
(-123.4, 38.0), 1
(-123.3, 38.0), 1
(-123.2, 38.0), 1
(-123.1, 38.0), 0.984
(-122.5, 38.0), 0.879
(-122.4, 38.0), 0.95
(-119.0, 38.0), 0.552
(-124.2, 38.1), 1
(-124.1, 38.1), 1
(-124.0, 38.1), 1
(-123.9, 38.1), 1
(-123.8, 38.1), 1
(-123.7, 38.1), 1
(-123.6, 38.1), 1
(-123.5, 38.1), 1
(-123.4, 38.1), 1
(-123.3, 38.1), 1
(-123.2, 38.1), 1
(-123.1, 38.1), 1
(-123.0, 38.1), 0.531
(-122.4, 38.1), 0.519
(-124.2, 38.2), 1
(-124.1, 38.2), 1
(-124.0, 38.2), 1
(-123.9, 38.2), 1
(-123.8, 38.2), 1
(-123.7, 38.2), 1
(-123.6, 38.2), 1
(-123.5, 38.2), 1
(-123.4, 38.2), 1
(-123.3, 38.2), 1
(-123.2, 38.2), 1
(-123.1, 38.2), 0.995
(-124.2, 38.3), 1
(-124.1, 38.3), 1
(-124.0, 38.3), 1
(-123.9, 38.3), 1
(-123.8, 38.3), 1
(-123.7, 38.3), 1
(-123.6, 38.3), 1
(-123.5, 38.3), 1
(-123.4, 38.3), 1
(-123.3, 38.3), 1
(-123.2, 38.3), 1
(-124.2, 38.4), 1
(-124.1, 38.4), 1
(-124.0, 38.4), 1
(-123.9, 38.4), 1
(-123.8, 38.4), 1
(-123.7, 38.4), 1
(-123.6, 38.4), 1
(-123.5, 38.4), 1
(-123.4, 38.4), 1
(-123.3, 38.4), 0.992
(-123.2, 38.4), 0.586
(-124.2, 38.5), 1
(-124.1, 38.5), 1
(-124.0, 38.5), 1
(-123.9, 38.5), 1
(-123.8, 38.5), 1
(-123.7, 38.5), 1
(-123.6, 38.5), 1
(-123.5, 38.5), 1
(-123.4, 38.5), 0.82
(-124.2, 38.6), 1
(-124.1, 38.6), 1
(-124.0, 38.6), 1
(-123.9, 38.6), 1
(-123.8, 38.6), 1
(-123.7, 38.6), 1
(-123.6, 38.6), 1
(-123.5, 38.6), 0.875
(-124.2, 38.7), 1
(-124.1, 38.7), 1
(-124.0, 38.7), 1
(-123.9, 38.7), 1
(-123.8, 38.7), 1
(-123.7, 38.7), 1
(-123.6, 38.7), 0.743
(-118.8, 38.7), 0.502
(-124.2, 38.8), 1
(-124.1, 38.8), 1
(-124.0, 38.8), 1
(-123.9, 38.8), 1
(-123.8, 38.8), 1.0
(-123.7, 38.8), 0.564
(-124.2, 38.9), 1
(-124.1, 38.9), 1
(-124.0, 38.9), 1
(-123.9, 38.9), 1
(-123.8, 38.9), 0.805
(-120.1, 38.9), 0.584
(-124.2, 39.0), 1
(-124.1, 39.0), 1
(-124.0, 39.0), 1
(-123.9, 39.0), 1
(-123.8, 39.0), 0.986
(-122.9, 39.0), 0.742
(-120.1, 39.0), 1
(-120.0, 39.0), 0.523
(-124.2, 39.1), 1
(-124.1, 39.1), 1
(-124.0, 39.1), 1
(-123.9, 39.1), 1
(-123.8, 39.1), 0.649
(-120.1, 39.1), 0.99
(-120.0, 39.1), 0.616
(-124.2, 39.2), 1
(-124.1, 39.2), 1
(-124.0, 39.2), 1
(-123.9, 39.2), 0.997
(-124.2, 39.3), 1
(-124.1, 39.3), 1
(-124.0, 39.3), 1
(-123.9, 39.3), 0.846
(-124.2, 39.4), 1
(-124.1, 39.4), 1
(-124.0, 39.4), 1
(-123.9, 39.4), 0.896
(-124.2, 39.5), 1
(-124.1, 39.5), 1
(-124.0, 39.5), 1
(-123.9, 39.5), 1
(-124.2, 39.6), 1
(-124.1, 39.6), 1
(-124.0, 39.6), 1
(-123.9, 39.6), 1.0
(-124.2, 39.7), 1
(-124.1, 39.7), 1
(-124.0, 39.7), 1
(-123.9, 39.7), 0.699
(-124.2, 39.8), 1
(-124.1, 39.8), 1
(-124.0, 39.8), 0.937
(-124.2, 39.9), 1
(-124.1, 39.9), 0.977
(-119.6, 39.9), 0.808
(-124.2, 40.0), 0.996
(-119.7, 40.0), 0.655
(-119.6, 40.0), 0.997
(-119.7, 40.1), 0.809
(-119.6, 40.1), 0.863
(-121.2, 40.2), 0.644
(-120.4, 40.2), 0.926
(-120.3, 40.2), 0.746
(-120.8, 40.6), 0.516
(-124.2, 40.8), 0.616
(-124.2, 40.9), 0.698
(-124.2, 41.0), 0.656
(-124.2, 41.1), 0.642
(-124.2, 41.2), 0.962
(-124.2, 41.3), 1
(-124.2, 41.4), 1
(-124.2, 41.5), 0.997
(-124.2, 41.6), 0.741
(-120.2, 41.7), 0.778
(-121.2, 41.8), 0.671
(-120.5, 41.8), 0.843
(-120.5, 41.9), 0.981
(-120.4, 41.9), 0.601
